53 1.223 0.003 1.230
179 1.223 -0.000 0.712
53 1.214 0.072 1.183
179 1.226 -0.010 0.688
53 1.211 0.116 1.117
179 1.225 -0.016 0.649
53 1.188 0.086 1.131
179 1.226 0.005 0.646
53 1.190 -0.005 1.151
179 1.227 0.037 0.669
53 1.209 -0.117 1.186
179 1.223 0.054 0.685
53 1.227 -0.161 1.195
179 1.223 0.012 0.701
53 1.242 -0.178 1.144
179 1.225 -0.057 0.674
53 1.248 -0.159 1.105
179 1.229 -0.110 0.645
53 1.217 -0.036 1.104
179 1.236 -0.157 0.639
53 1.203 0.014 1.152
179 1.234 -0.156 0.663
53 1.195 0.037 1.179
179 1.229 -0.123 0.690
53 1.197 0.065 1.144
179 1.220 -0.098 0.676
53 1.151 0.035 1.163
179 1.214 -0.074 0.671
53 1.131 -0.093 1.201
179 1.210 -0.036 0.701
53 1.125 -0.176 1.210
179 1.198 -0.023 0.710
53 1.157 -0.128 1.209
179 1.171 -0.059 0.715
53 1.174 0.043 1.232
179 1.154 -0.106 0.722
53 1.190 0.086 1.197
179 1.159 -0.078 0.708
53 1.220 0.045 1.191
179 1.163 0.007 0.698
53 1.239 -0.014 1.160
179 1.162 0.065 0.681
53 1.202 -0.089 1.172
179 1.168 0.088 0.673
53 1.198 -0.098 1.172
179 1.179 0.061 0.687
53 1.217 -0.055 1.145
179 1.175 0.029 0.670
53 1.196 0.046 1.195
179 1.169 -0.006 0.688
53 1.165 0.106 1.251
179 1.169 -0.003 0.726
53 1.142 0.061 1.181
179 1.164 0.025 0.702
53 1.143 0.024 1.124
179 1.159 0.056 0.661
53 1.132 -0.048 1.171
179 1.155 0.081 0.678
53 1.137 -0.122 1.244
179 1.159 0.069 0.728
53 1.152 -0.132 1.197
179 1.156 0.003 0.719
53 1.140 -0.109 1.113
179 1.155 -0.055 0.660
53 1.148 0.002 1.144
179 1.157 -0.111 0.658
53 1.219 0.093 1.228
179 1.158 -0.121 0.717
53 1.265 0.111 1.215
179 1.184 -0.057 0.714
53 1.283 0.058 1.239
179 1.222 0.021 0.718
53 1.291 0.069 1.188
179 1.250 0.059 0.695
53 1.259 0.112 1.117
179 1.288 0.083 0.643
53 1.262 0.119 1.168
179 1.326 0.127 0.653
53 1.282 0.104 1.274
179 1.349 0.176 0.726
53 1.239 0.142 1.266
179 1.363 0.194 0.732
53 1.209 0.238 1.255
179 1.360 0.193 0.720
53 1.206 0.226 1.220
179 1.337 0.190 0.707
53 1.199 0.148 1.237
179 1.299 0.205 0.708
53 1.179 0.105 1.223
179 1.268 0.183 0.710
53 1.145 0.031 1.163
179 1.241 0.159 0.676
53 1.148 -0.005 1.126
179 1.206 0.138 0.658
53 1.131 0.005 1.159
179 1.163 0.105 0.672
53 1.101 0.005 1.189
179 1.130 0.087 0.693
53 1.094 0.041 1.209
179 1.099 0.075 0.706
53 1.076 0.117 1.227
179 1.075 0.058 0.716
53 1.115 0.091 1.270
179 1.052 0.055 0.740
53 1.178 -0.010 1.233
179 1.040 0.076 0.726
53 1.168 -0.026 1.169
179 1.082 0.042 0.669
53 1.186 -0.055 1.187
179 1.121 -0.004 0.669
53 1.251 0.014 1.202
179 1.144 -0.053 0.687
53 1.298 0.032 1.158
179 1.174 -0.085 0.665
53 1.333 -0.029 1.121
179 1.219 -0.075 0.638
53 1.341 -0.122 1.170
179 1.260 -0.067 0.655
53 1.348 -0.172 1.228
179 1.285 -0.077 0.695
53 1.290 -0.141 1.231
179 1.311 -0.107 0.697
53 1.283 -0.077 1.184
179 1.327 -0.144 0.686
53 1.298 -0.066 1.119
179 1.331 -0.169 0.645
53 1.294 -0.041 1.150
179 1.342 -0.195 0.655
53 1.279 -0.037 1.189
179 1.354 -0.201 0.681
53 1.264 0.013 1.247
179 1.355 -0.188 0.720
53 1.290 0.004 1.207
179 1.326 -0.124 0.713
53 1.279 -0.020 1.157
179 1.308 -0.067 0.668
53 1.270 -0.049 1.207
179 1.302 -0.016 0.688
53 1.284 -0.038 1.236
179 1.291 0.023 0.715
53 1.300 -0.034 1.245
179 1.277 0.049 0.721
53 1.308 -0.019 1.174
179 1.267 0.087 0.686
53 1.273 0.068 1.151
179 1.268 0.109 0.657
53 1.273 0.061 1.174
179 1.270 0.144 0.669
53 1.278 0.008 1.220
179 1.267 0.204 0.693
53 1.301 0.020 1.179
179 1.262 0.213 0.684
53 1.344 0.078 1.126
179 1.250 0.183 0.652
53 1.305 0.112 1.177
179 1.250 0.172 0.661
53 1.299 0.117 1.277
179 1.250 0.167 0.723
53 1.324 0.143 1.258
179 1.239 0.166 0.729
53 1.312 0.199 1.245
179 1.233 0.148 0.713
53 1.270 0.193 1.269
179 1.239 0.135 0.722
53 1.229 0.101 1.229
179 1.244 0.149 0.713
53 1.197 -0.028 1.170
179 1.240 0.160 0.675
53 1.200 -0.087 1.181
179 1.221 0.117 0.682
53 1.213 -0.018 1.209
179 1.196 0.031 0.704
53 1.218 0.038 1.209
179 1.183 -0.027 0.703
53 1.220 0.013 1.217
179 1.177 -0.049 0.703
53 1.226 -0.082 1.184
179 1.171 -0.050 0.690
53 1.234 -0.134 1.182
179 1.162 -0.065 0.677
53 1.245 -0.107 1.177
179 1.153 -0.110 0.677
53 1.257 -0.078 1.176
179 1.148 -0.160 0.670
53 1.258 -0.022 1.250
179 1.149 -0.199 0.709
53 1.256 0.019 1.275
179 1.174 -0.187 0.738
53 1.258 0.048 1.216
179 1.207 -0.131 0.712
53 1.228 0.044 1.225
179 1.240 -0.063 0.698
53 1.233 0.048 1.220
179 1.273 -0.013 0.709
53 1.254 0.020 1.157
179 1.297 0.036 0.671
53 1.254 -0.051 1.174
179 1.329 0.093 0.674
53 1.301 -0.048 1.217
179 1.347 0.103 0.706
53 1.323 0.091 1.194
179 1.356 0.071 0.698
53 1.155 0.283 1.233
179 1.387 0.049 0.709
53 1.136 0.353 1.231
179 1.285 0.181 0.731
53 1.142 0.335 1.178
179 1.193 0.280 0.694
53 1.153 0.127 1.166
179 1.129 0.347 0.675
53 1.111 0.062 1.196
179 1.094 0.283 0.684
53 1.092 0.048 1.195
179 1.071 0.157 0.693
53 1.089 0.064 1.167
179 1.044 0.032 0.680
53 1.068 0.031 1.215
179 1.022 -0.086 0.693
53 1.110 -0.067 1.303
179 1.000 -0.177 0.757
53 1.088 -0.119 1.292
179 1.027 -0.251 0.756
53 1.074 -0.027 1.254
179 1.082 -0.297 0.728
53 1.064 0.069 1.215
179 1.143 -0.206 0.705
53 1.090 0.107 1.219
179 1.174 -0.052 0.704
53 1.175 0.026 1.220
179 1.199 0.080 0.710
53 1.205 -0.063 1.224
179 1.239 0.178 0.703
53 1.229 -0.067 1.261
179 1.277 0.173 0.726
53 1.258 -0.014 1.191
179 1.306 0.144 0.697
53 1.162 0.048 1.183
179 1.348 0.122 0.677
53 1.174 0.055 1.148
179 1.343 0.103 0.665
53 1.212 0.067 1.202
179 1.315 0.090 0.693
53 1.229 0.049 1.254
179 1.304 0.089 0.729
53 1.237 0.114 1.229
179 1.306 0.066 0.716
53 1.214 0.207 1.230
179 1.311 0.036 0.705
53 1.207 0.204 1.260
179 1.310 0.044 0.724
53 1.264 0.153 1.282
179 1.287 0.066 0.745
53 1.209 0.122 1.199
179 1.280 0.080 0.696
53 1.126 0.135 1.142
179 1.289 0.073 0.655
53 1.090 0.153 1.111
179 1.275 0.077 0.645
53 1.084 0.158 1.176
179 1.245 0.090 0.679
53 1.160 0.028 1.263
179 1.204 0.118 0.738
53 1.200 -0.124 1.263
179 1.195 0.132 0.746
53 1.199 -0.185 1.231
179 1.207 0.045 0.718
53 1.212 -0.151 1.275
179 1.219 -0.058 0.732
53 1.267 -0.088 1.269
179 1.218 -0.128 0.741
53 1.277 -0.045 1.184
179 1.218 -0.179 0.686
53 1.173 -0.009 1.172
179 1.246 -0.222 0.661
53 1.171 -0.030 1.151
179 1.244 -0.218 0.667
53 1.195 0.023 1.220
179 1.224 -0.208 0.698
53 1.209 -0.014 1.312
179 1.206 -0.161 0.761
53 1.205 -0.098 1.316
179 1.203 -0.086 0.768
53 1.194 -0.118 1.276
179 1.213 -0.029 0.744
53 1.220 -0.092 1.252
179 1.209 0.002 0.729
53 1.239 -0.064 1.246
179 1.207 0.031 0.721
53 1.264 -0.030 1.200
179 1.211 0.063 0.699
53 1.249 -0.014 1.181
179 1.218 0.105 0.673
53 1.238 -0.003 1.160
179 1.232 0.147 0.666
53 1.230 0.017 1.169
179 1.240 0.187 0.660
53 1.222 0.052 1.198
179 1.249 0.208 0.683
53 1.220 0.048 1.218
179 1.251 0.230 0.694
53 1.224 0.066 1.207
179 1.250 0.228 0.698
53 1.235 0.091 1.184
179 1.244 0.203 0.681
53 1.246 0.063 1.200
179 1.240 0.198 0.685
53 1.239 0.021 1.168
179 1.242 0.198 0.673
53 1.210 0.010 1.176
179 1.249 0.182 0.664
53 1.200 -0.020 1.167
179 1.253 0.170 0.671
53 1.207 -0.016 1.189
179 1.245 0.152 0.679
53 1.210 -0.006 1.232
179 1.236 0.128 0.707
53 1.207 -0.015 1.195
179 1.233 0.117 0.696
53 1.218 0.002 1.122
179 1.225 0.110 0.649
53 1.232 0.025 1.203
179 1.220 0.103 0.678
53 1.251 -0.060 1.249
179 1.215 0.120 0.720
53 1.248 -0.170 1.287
179 1.222 0.123 0.741
53 1.237 -0.182 1.236
179 1.239 0.031 0.733
53 1.233 -0.166 1.155
179 1.248 -0.038 0.677
53 1.242 -0.119 1.132
179 1.255 -0.096 0.657
53 1.284 -0.119 1.111
179 1.259 -0.142 0.646
53 1.268 -0.179 1.118
179 1.270 -0.179 0.634
53 1.265 -0.225 1.163
179 1.289 -0.220 0.659
53 1.240 -0.176 1.145
179 1.309 -0.280 0.653
53 1.249 -0.124 1.206
179 1.309 -0.316 0.684
53 1.270 -0.160 1.259
179 1.284 -0.265 0.725
53 1.253 -0.173 1.235
179 1.269 -0.208 0.713
53 1.243 -0.129 1.231
179 1.252 -0.163 0.704
53 1.253 -0.102 1.180
179 1.230 -0.123 0.683
53 1.208 -0.120 1.146
179 1.213 -0.079 0.646
53 1.205 -0.113 1.174
179 1.199 -0.049 0.665
53 1.220 -0.126 1.168
179 1.173 -0.024 0.670
53 1.232 -0.047 1.130
179 1.150 -0.016 0.650
53 1.268 -0.062 1.230
179 1.123 -0.001 0.689
53 1.274 -0.150 1.355
179 1.109 0.035 0.774
53 1.170 -0.155 1.358
179 1.159 0.022 0.798
53 1.103 -0.019 1.236
179 1.180 -0.038 0.728
53 1.106 0.101 1.173
179 1.186 -0.090 0.690
53 1.101 0.169 1.165
179 1.181 -0.084 0.673
53 1.160 0.143 1.240
179 1.187 -0.027 0.719
53 1.291 0.083 1.280
179 1.195 0.011 0.755
53 1.359 -0.057 1.280
179 1.225 0.038 0.739
53 1.394 -0.155 1.274
179 1.286 0.041 0.733
53 1.396 -0.125 1.244
179 1.343 -0.009 0.721
53 1.402 -0.146 1.186
179 1.368 -0.025 0.693
53 1.348 -0.158 1.154
179 1.402 -0.023 0.660
53 1.264 -0.017 1.214
179 1.443 -0.050 0.695
53 1.236 0.098 1.244
179 1.423 -0.048 0.726
53 1.303 0.184 1.259
179 1.327 0.005 0.762
53 1.321 0.267 1.146
179 1.254 0.061 0.692
53 1.254 0.252 1.103
179 1.207 0.134 0.641
53 1.198 0.306 1.150
179 1.155 0.168 0.664
53 1.208 0.266 1.249
179 1.089 0.203 0.717
53 1.264 0.070 1.332
179 1.039 0.241 0.781
53 1.219 0.007 1.225
179 1.112 0.144 0.718
53 1.195 0.024 1.215
179 1.181 0.034 0.696
53 1.206 0.011 1.171
179 1.237 -0.056 0.687
53 1.173 -0.044 1.099
179 1.295 -0.118 0.638
53 1.141 -0.135 1.108
179 1.357 -0.187 0.637
53 1.222 -0.249 1.156
179 1.367 -0.242 0.677
53 1.260 -0.252 1.211
179 1.380 -0.289 0.691
53 1.288 -0.238 1.237
179 1.371 -0.294 0.710
53 1.295 -0.113 1.215
179 1.341 -0.289 0.702
53 1.266 0.022 1.146
179 1.298 -0.238 0.661
53 1.244 0.085 1.168
179 1.257 -0.109 0.661
53 1.235 0.154 1.232
179 1.219 -0.001 0.708
53 1.211 0.219 1.158
179 1.184 0.074 0.676
53 1.201 0.232 1.135
179 1.152 0.153 0.645
53 1.208 0.181 1.195
179 1.113 0.242 0.685
53 1.184 0.087 1.217
179 1.085 0.306 0.702
53 1.166 0.073 1.168
179 1.089 0.273 0.686
53 1.128 0.109 1.140
179 1.101 0.198 0.660
53 1.077 0.168 1.174
179 1.111 0.132 0.676
53 1.130 0.185 1.252
179 1.109 0.083 0.726
53 1.285 0.131 1.290
179 1.112 0.067 0.762
53 1.311 0.086 1.275
179 1.192 0.051 0.728
53 1.346 0.066 1.273
179 1.278 0.035 0.727
53 1.378 -0.003 1.213
179 1.337 0.009 0.697
53 1.316 -0.116 1.181
179 1.394 -0.004 0.660
53 1.266 -0.190 1.191
179 1.425 -0.043 0.683
53 1.241 -0.116 1.164
179 1.412 -0.130 0.676
53 1.208 -0.015 1.192
179 1.392 -0.186 0.695
53 1.220 0.055 1.161
179 1.320 -0.155 0.690
53 1.232 0.062 1.184
179 1.245 -0.099 0.688
53 1.225 0.017 1.237
179 1.184 -0.048 0.716
53 1.206 0.000 1.227
179 1.130 -0.016 0.714
53 1.184 -0.010 1.226
179 1.078 0.007 0.706
53 1.178 0.024 1.197
179 1.028 0.023 0.696
53 1.183 0.044 1.162
179 0.983 0.038 0.673
53 1.175 0.018 1.160
179 0.969 0.068 0.670
53 1.160 0.018 1.121
179 0.983 0.093 0.653
53 1.154 0.088 1.129
179 1.000 0.099 0.645
53 1.216 0.004 1.213
179 1.003 0.120 0.702
53 1.183 0.062 1.222
179 1.063 0.104 0.702
53 1.200 0.154 1.172
179 1.109 0.078 0.689
53 1.215 0.190 1.175
179 1.136 0.072 0.675
53 1.204 0.175 1.226
179 1.168 0.084 0.705
53 1.210 0.177 1.182
179 1.194 0.093 0.691
53 1.209 0.205 1.124
179 1.213 0.092 0.649
53 1.192 0.200 1.185
179 1.231 0.099 0.671
53 1.213 0.183 1.201
179 1.244 0.115 0.700
53 1.232 0.190 1.165
179 1.250 0.123 0.676
53 1.211 0.164 1.221
179 1.262 0.130 0.695
53 1.193 0.091 1.201
179 1.274 0.144 0.698
53 1.174 0.099 1.157
179 1.276 0.138 0.667
53 1.172 0.085 1.158
179 1.276 0.131 0.664
53 1.170 0.039 1.240
179 1.272 0.136 0.706
53 1.184 0.013 1.259
179 1.259 0.137 0.733
53 1.191 0.020 1.208
179 1.246 0.118 0.709
53 1.176 0.019 1.149
179 1.242 0.098 0.668
53 1.129 0.069 1.174
179 1.255 0.094 0.665
53 1.145 0.085 1.237
179 1.253 0.090 0.713
53 1.193 0.042 1.294
179 1.235 0.104 0.753
53 1.202 0.074 1.214
179 1.224 0.106 0.712
53 1.183 0.126 1.204
179 1.230 0.094 0.690
53 1.215 0.092 1.261
179 1.227 0.098 0.722
53 1.244 0.034 1.295
179 1.218 0.118 0.746
53 1.223 -0.003 1.299
179 1.224 0.119 0.746
53 1.217 0.006 1.249
179 1.231 0.101 0.724
53 1.220 0.049 1.187
179 1.230 0.075 0.688
53 1.193 0.088 1.124
179 1.235 0.055 0.643
53 1.163 0.082 1.212
179 1.244 0.037 0.681
53 1.184 0.071 1.268
179 1.242 0.055 0.727
53 1.159 0.117 1.225
179 1.243 0.046 0.713
53 1.180 0.060 1.237
179 1.236 0.069 0.707
53 1.181 0.074 1.221
179 1.230 0.089 0.704
53 1.152 0.174 1.205
179 1.237 0.082 0.696
53 1.151 0.228 1.150
179 1.233 0.092 0.669
53 1.176 0.239 1.166
179 1.218 0.129 0.670
53 1.188 0.265 1.256
179 1.205 0.169 0.725
53 1.203 0.268 1.267
179 1.198 0.201 0.740
53 1.208 0.322 1.235
179 1.196 0.222 0.723
53 1.182 0.334 1.169
179 1.199 0.242 0.672
53 1.207 0.263 1.221
179 1.196 0.271 0.691
53 1.280 0.251 1.305
179 1.186 0.274 0.749
53 1.307 0.214 1.246
179 1.193 0.247 0.726
53 1.307 0.107 1.142
179 1.221 0.235 0.652
53 1.270 0.115 1.192
179 1.258 0.174 0.660
53 1.256 0.137 1.265
179 1.291 0.111 0.711
53 1.299 0.179 1.276
179 1.294 0.064 0.740
53 1.324 0.215 1.275
179 1.298 0.041 0.731
53 1.299 0.243 1.299
179 1.321 0.052 0.746
53 1.278 0.163 1.246
179 1.340 0.083 0.724
53 1.237 0.024 1.238
179 1.345 0.122 0.709
53 1.230 0.005 1.243
179 1.328 0.099 0.724
53 1.222 0.023 1.310
179 1.302 0.058 0.756
53 1.236 0.009 1.286
179 1.279 0.035 0.756
53 1.199 0.013 1.255
179 1.258 0.020 0.721
53 1.193 -0.021 1.319
179 1.234 0.015 0.753
53 1.216 -0.024 1.319
179 1.202 0.009 0.763
53 1.216 0.021 1.333
179 1.175 -0.013 0.770
53 1.238 0.053 1.262
179 1.156 -0.029 0.743
53 1.243 0.080 1.161
179 1.145 -0.028 0.676
53 1.239 0.106 1.208
179 1.135 -0.032 0.685
53 1.242 0.107 1.294
179 1.130 -0.025 0.747
53 1.255 0.114 1.279
179 1.131 -0.009 0.754
53 1.236 0.074 1.235
179 1.148 0.017 0.714
53 1.224 0.043 1.208
179 1.168 0.034 0.701
53 1.244 -0.062 1.209
179 1.179 0.054 0.697
53 1.267 -0.022 1.224
179 1.188 0.047 0.712
53 1.299 -0.003 1.208
179 1.200 0.019 0.701
53 1.313 -0.050 1.218
179 1.212 0.017 0.705
53 1.313 0.025 1.193
179 1.233 0.002 0.695
53 1.319 0.069 1.231
179 1.244 -0.025 0.701
53 1.355 0.123 1.248
179 1.256 -0.029 0.730
53 1.342 0.166 1.258
179 1.283 -0.005 0.725
53 1.323 0.160 1.239
179 1.318 0.043 0.724
53 1.325 0.147 1.248
179 1.339 0.078 0.719
53 1.350 0.161 1.254
179 1.349 0.093 0.733
53 1.357 0.118 1.240
179 1.361 0.110 0.710
53 1.285 0.103 1.305
179 1.382 0.116 0.743
53 1.244 0.168 1.323
179 1.379 0.102 0.767
53 1.301 0.072 1.319
179 1.311 0.113 0.775
53 1.347 -0.062 1.309
179 1.253 0.120 0.760
53 1.355 -0.084 1.243
179 1.242 0.034 0.732
53 1.339 -0.102 1.182
179 1.235 -0.054 0.677
53 1.349 -0.145 1.157
179 1.213 -0.116 0.661
53 1.346 -0.141 1.238
179 1.191 -0.174 0.698
53 1.337 -0.156 1.309
179 1.188 -0.209 0.749
53 1.305 -0.093 1.288
179 1.211 -0.237 0.757
53 1.290 -0.048 1.265
179 1.229 -0.229 0.730
53 1.264 -0.043 1.294
179 1.262 -0.177 0.751
53 1.286 0.010 1.291
179 1.286 -0.126 0.755
53 1.307 0.093 1.285
179 1.304 -0.074 0.751
53 1.348 0.107 1.246
179 1.323 0.006 0.734
53 1.378 0.079 1.220
179 1.337 0.098 0.703
53 1.361 0.090 1.196
179 1.358 0.168 0.689
53 1.322 0.057 1.228
179 1.375 0.233 0.691
53 1.325 0.024 1.286
179 1.359 0.238 0.744
53 1.285 0.001 1.245
179 1.326 0.182 0.720
53 1.248 0.069 1.215
179 1.296 0.096 0.706
53 1.295 0.024 1.222
179 1.247 0.008 0.705
53 1.339 -0.206 1.260
179 1.201 -0.042 0.735
53 1.305 -0.353 1.207
179 1.217 -0.152 0.708
53 1.161 -0.169 1.124
179 1.250 -0.324 0.653
53 1.060 0.015 1.084
179 1.187 -0.324 0.649
53 1.092 -0.005 1.128
179 1.062 -0.144 0.664
53 1.213 -0.208 1.253
179 1.005 0.035 0.738
53 1.229 -0.256 1.304
179 1.106 0.049 0.764
53 1.239 -0.100 1.244
179 1.192 0.022 0.742
53 1.222 0.045 1.248
179 1.282 -0.003 0.731
53 1.218 0.121 1.316
179 1.378 -0.029 0.771
53 1.361 0.013 1.335
179 1.427 -0.013 0.780
53 1.378 -0.044 1.283
179 1.461 -0.006 0.741
53 1.345 -0.020 1.274
179 1.468 -0.029 0.715
53 1.337 -0.155 1.358
179 1.410 -0.012 0.775
53 1.281 -0.179 1.336
179 1.339 -0.022 0.790
53 1.185 -0.110 1.253
179 1.281 -0.090 0.738
53 1.145 -0.089 1.234
179 1.224 -0.121 0.721
53 1.071 0.079 1.222
179 1.166 -0.183 0.725
53 1.103 0.018 1.219
179 1.084 -0.113 0.730
53 1.124 -0.104 1.276
179 1.007 -0.060 0.767
53 1.103 -0.092 1.243
179 0.977 -0.052 0.745
53 1.105 0.005 1.193
179 0.960 -0.066 0.720
53 1.131 -0.067 1.213
179 0.969 -0.027 0.712
53 1.125 -0.129 1.240
179 1.013 0.026 0.748
53 1.169 -0.058 1.200
179 1.061 0.013 0.716
53 1.236 0.021 1.266
179 1.109 -0.029 0.743
53 1.345 -0.071 1.260
179 1.159 -0.007 0.751
53 1.375 -0.111 1.171
179 1.252 0.004 0.682
53 1.346 -0.076 1.162
179 1.352 -0.008 0.660
53 1.243 0.137 1.219
179 1.427 -0.041 0.697
53 1.251 0.195 1.220
179 1.389 0.010 0.729
53 1.286 0.182 1.251
179 1.341 0.099 0.737
53 1.301 0.227 1.249
179 1.316 0.146 0.742
53 1.340 0.151 1.244
179 1.284 0.208 0.719
53 1.339 -0.123 1.285
179 1.260 0.248 0.744
53 1.293 -0.175 1.318
179 1.265 0.051 0.764
53 1.225 -0.078 1.325
179 1.244 -0.113 0.779
53 1.164 0.012 1.308
179 1.226 -0.264 0.773
53 1.196 -0.008 1.296
179 1.189 -0.281 0.768
53 1.247 -0.137 1.309
179 1.156 -0.194 0.768
53 1.214 -0.132 1.319
179 1.153 -0.113 0.758
53 1.204 -0.020 1.284
179 1.150 -0.032 0.745
53 1.201 0.077 1.210
179 1.142 0.062 0.691
53 1.186 0.109 1.280
179 1.141 0.174 0.712
53 1.226 0.040 1.303
179 1.148 0.282 0.753
53 1.230 0.062 1.245
179 1.177 0.276 0.725
53 1.218 0.045 1.282
179 1.220 0.250 0.725
53 1.231 -0.025 1.296
179 1.251 0.211 0.751
53 1.254 -0.004 1.272
179 1.271 0.111 0.738
53 1.280 -0.034 1.279
179 1.283 0.028 0.739
53 1.283 -0.111 1.299
179 1.294 -0.030 0.750
53 1.293 -0.133 1.226
179 1.301 -0.102 0.713
53 1.288 -0.187 1.240
179 1.307 -0.167 0.700
53 1.300 -0.223 1.300
179 1.304 -0.224 0.742
53 1.303 -0.212 1.236
179 1.301 -0.283 0.714
53 1.298 -0.209 1.248
179 1.291 -0.305 0.696
53 1.306 -0.092 1.318
179 1.275 -0.302 0.746
53 1.350 0.007 1.237
179 1.258 -0.225 0.717
53 1.318 0.140 1.244
179 1.264 -0.109 0.695
53 1.334 0.202 1.302
179 1.270 0.015 0.745
53 1.326 0.201 1.267
179 1.270 0.141 0.733
53 1.263 0.179 1.267
179 1.278 0.238 0.722
53 1.229 0.162 1.280
179 1.280 0.323 0.737
53 1.201 0.111 1.191
179 1.266 0.360 0.692
53 1.210 0.151 1.173
179 1.226 0.296 0.676
53 1.200 0.016 1.214
179 1.191 0.228 0.695
53 1.147 0.098 1.234
179 1.186 0.041 0.693
53 1.216 -0.036 1.241
179 1.156 -0.086 0.709
53 1.202 -0.258 1.229
179 1.130 -0.138 0.701
53 1.152 -0.352 1.258
179 1.123 -0.228 0.706
53 1.124 -0.341 1.317
179 1.119 -0.340 0.751
53 1.161 -0.260 1.259
179 1.110 -0.402 0.727
53 1.189 -0.174 1.275
179 1.141 -0.361 0.721
53 1.187 -0.197 1.344
179 1.197 -0.246 0.755
53 1.206 -0.168 1.347
179 1.244 -0.125 0.769
53 1.271 -0.097 1.258
179 1.264 -0.041 0.723
53 1.260 -0.127 1.242
179 1.291 0.054 0.697
53 1.279 -0.070 1.300
179 1.309 0.120 0.734
53 1.327 0.014 1.347
179 1.309 0.150 0.776
53 1.322 0.020 1.293
179 1.320 0.185 0.741
53 1.226 -0.015 1.324
179 1.332 0.190 0.749
53 1.215 -0.077 1.325
179 1.293 0.142 0.765
53 1.195 -0.010 1.343
179 1.235 0.045 0.773
53 1.187 0.052 1.329
179 1.198 -0.034 0.771
53 1.183 0.095 1.304
179 1.168 -0.074 0.757
53 1.190 0.086 1.236
179 1.143 -0.090 0.721
53 1.242 0.010 1.206
179 1.119 -0.090 0.695
53 1.279 0.016 1.228
179 1.104 -0.107 0.702
53 1.252 0.060 1.297
179 1.128 -0.121 0.738
53 1.207 0.044 1.319
179 1.170 -0.086 0.760
53 1.258 -0.006 1.345
179 1.191 -0.043 0.775
53 1.299 -0.169 1.354
179 1.213 0.006 0.792
53 1.259 -0.140 1.278
179 1.278 -0.014 0.741
53 1.237 -0.103 1.237
179 1.334 -0.063 0.720
53 1.251 -0.069 1.222
179 1.372 -0.060 0.702
53 1.271 0.064 1.297
179 1.404 -0.059 0.740
53 1.264 0.167 1.268
179 1.416 -0.032 0.748
53 1.221 0.162 1.246
179 1.405 0.054 0.716
53 1.253 0.169 1.260
179 1.364 0.116 0.729
53 1.285 0.029 1.289
179 1.309 0.166 0.749
53 1.245 -0.064 1.218
179 1.269 0.172 0.714
53 1.211 -0.090 1.279
179 1.234 0.120 0.733
53 1.252 -0.067 1.305
179 1.177 0.054 0.777
53 1.276 -0.079 1.255
179 1.131 -0.002 0.741
53 1.248 -0.146 1.231
179 1.117 -0.042 0.724
53 1.236 -0.155 1.185
179 1.108 -0.095 0.690
53 1.246 -0.113 1.197
179 1.087 -0.177 0.696
53 1.233 -0.093 1.257
179 1.093 -0.228 0.720
53 1.251 0.018 1.304
179 1.124 -0.234 0.765
53 1.233 0.144 1.249
179 1.201 -0.142 0.735
53 1.220 0.166 1.299
179 1.270 0.006 0.751
53 1.243 0.096 1.399
179 1.315 0.119 0.812
53 1.292 0.044 1.442
179 1.338 0.203 0.854
53 1.302 0.024 1.366
179 1.357 0.235 0.807
53 1.296 0.017 1.287
179 1.357 0.207 0.745
53 1.292 0.019 1.258
179 1.325 0.147 0.722
53 1.281 0.015 1.205
179 1.289 0.089 0.695
53 1.266 -0.001 1.227
179 1.253 0.040 0.702
53 1.247 -0.022 1.210
179 1.222 -0.004 0.699
53 1.227 -0.057 1.184
179 1.194 -0.041 0.684
53 1.247 -0.079 1.163
179 1.161 -0.077 0.674
53 1.258 -0.074 1.192
179 1.128 -0.121 0.685
53 1.249 -0.148 1.155
179 1.114 -0.148 0.670
53 1.250 -0.183 1.135
179 1.096 -0.173 0.650
53 1.275 -0.114 1.140
179 1.074 -0.217 0.658
53 1.252 -0.009 1.214
179 1.100 -0.231 0.689
53 1.223 0.043 1.235
179 1.161 -0.161 0.722
53 1.213 0.048 1.237
179 1.204 -0.071 0.712
53 1.215 0.050 1.288
179 1.237 0.007 0.751
53 1.219 0.016 1.221
179 1.271 0.079 0.724
53 1.209 0.031 1.208
179 1.306 0.139 0.700
53 1.222 0.012 1.172
179 1.338 0.195 0.688
53 1.271 0.027 1.211
179 1.347 0.225 0.697
53 1.321 0.038 1.255
179 1.343 0.222 0.728
53 1.338 0.097 1.214
179 1.340 0.197 0.700
53 1.371 0.132 1.195
179 1.333 0.164 0.683
53 1.361 0.188 1.205
179 1.332 0.132 0.681
53 1.316 0.173 1.235
179 1.339 0.121 0.695
53 1.260 0.129 1.209
179 1.345 0.129 0.690
53 1.245 0.123 1.272
179 1.331 0.130 0.724
53 1.248 0.091 1.242
179 1.306 0.127 0.727
53 1.218 0.081 1.219
179 1.288 0.124 0.696
53 1.214 0.070 1.210
179 1.274 0.113 0.698
53 1.226 0.038 1.261
179 1.253 0.107 0.718
53 1.268 -0.029 1.255
179 1.235 0.110 0.733
53 1.259 -0.036 1.193
179 1.233 0.096 0.685
53 1.259 -0.041 1.250
179 1.236 0.076 0.714
53 1.222 0.011 1.242
179 1.241 0.048 0.712
53 1.176 0.067 1.276
179 1.249 0.025 0.729
53 1.191 0.054 1.285
179 1.230 0.035 0.745
53 1.186 0.093 1.291
179 1.214 0.038 0.749
53 1.221 0.083 1.211
179 1.197 0.045 0.715
53 1.207 0.130 1.203
179 1.187 0.048 0.686
53 1.186 0.150 1.191
179 1.187 0.051 0.684
53 1.176 0.183 1.209
179 1.184 0.055 0.691
53 1.194 0.136 1.229
179 1.174 0.075 0.707
53 1.216 0.079 1.250
179 1.170 0.083 0.718
53 1.271 -0.127 1.321
179 1.162 0.106 0.759
53 1.263 -0.216 1.269
179 1.217 0.003 0.741
53 1.264 -0.235 1.205
179 1.261 -0.133 0.697
53 1.305 -0.241 1.227
179 1.281 -0.209 0.711
53 1.344 -0.133 1.306
179 1.297 -0.284 0.749
53 1.349 -0.128 1.289
179 1.336 -0.290 0.752
53 1.333 -0.058 1.204
179 1.365 -0.255 0.689
53 1.306 0.073 1.203
179 1.359 -0.181 0.685
53 1.292 0.161 1.287
179 1.325 -0.031 0.733
53 1.276 0.187 1.354
179 1.288 0.102 0.788
53 1.261 0.187 1.272
179 1.252 0.208 0.747
53 1.216 0.170 1.262
179 1.223 0.293 0.721
53 1.205 0.126 1.246
179 1.192 0.361 0.727
53 1.230 0.151 1.199
179 1.154 0.320 0.694
53 1.230 0.232 1.214
179 1.135 0.226 0.695
53 1.226 0.288 1.200
179 1.117 0.149 0.692
53 1.205 0.304 1.179
179 1.113 0.100 0.678
53 1.196 0.293 1.231
179 1.108 0.072 0.706
53 1.176 0.206 1.212
179 1.110 0.066 0.709
53 1.157 0.175 1.168
179 1.108 0.038 0.677
53 1.140 0.151 1.215
179 1.104 0.007 0.695
53 1.152 0.129 1.217
179 1.099 -0.014 0.712
53 1.168 0.152 1.171
179 1.096 -0.040 0.690
53 1.184 0.198 1.151
179 1.105 -0.048 0.673
53 1.191 0.203 1.172
179 1.124 -0.011 0.682
53 1.198 0.152 1.203
179 1.141 0.034 0.699
53 1.207 0.125 1.250
179 1.147 0.054 0.727
53 1.214 0.075 1.246
179 1.155 0.064 0.727
53 1.226 0.008 1.232
179 1.162 0.082 0.716
53 1.240 0.007 1.202
179 1.172 0.087 0.699
53 1.235 0.012 1.252
179 1.182 0.083 0.717
53 1.241 0.023 1.243
179 1.190 0.085 0.726
53 1.246 0.062 1.129
179 1.194 0.085 0.660
53 1.188 0.135 1.087
179 1.200 0.084 0.617
53 1.160 0.208 1.182
179 1.202 0.089 0.661
53 1.186 0.210 1.286
179 1.187 0.124 0.743
53 1.208 0.177 1.312
179 1.174 0.174 0.765
53 1.242 0.094 1.374
179 1.172 0.209 0.790
53 1.264 -0.096 1.416
179 1.194 0.197 0.823
53 1.280 -0.195 1.308
179 1.247 0.037 0.773
53 1.317 -0.173 1.231
179 1.280 -0.127 0.718
53 1.338 -0.141 1.210
179 1.311 -0.250 0.688
53 1.339 -0.176 1.300
179 1.347 -0.343 0.736
53 1.314 -0.241 1.264
179 1.375 -0.367 0.728
53 1.306 -0.242 1.159
179 1.361 -0.322 0.657
53 1.285 -0.107 1.118
179 1.333 -0.277 0.632
53 1.253 0.065 1.130
179 1.298 -0.204 0.645
53 1.217 0.217 1.212
179 1.255 -0.062 0.697
53 1.203 0.250 1.226
179 1.220 0.095 0.721
53 1.190 0.290 1.244
179 1.192 0.210 0.721
53 1.266 0.219 1.324
179 1.151 0.312 0.764
53 1.326 0.072 1.432
179 1.144 0.375 0.825
53 1.289 -0.131 1.443
179 1.250 0.211 0.846
53 1.273 -0.234 1.358
179 1.335 -0.077 0.805
53 1.290 -0.276 1.234
179 1.381 -0.337 0.725
53 1.333 -0.190 1.192
179 1.416 -0.521 0.681
53 1.370 -0.109 1.230
179 1.367 -0.385 0.692
53 1.379 -0.018 1.222
179 1.308 -0.166 0.689
53 1.347 0.145 1.272
179 1.251 0.013 0.711
53 1.336 0.174 1.349
179 1.199 0.209 0.765
53 1.284 0.191 1.384
179 1.163 0.382 0.805
53 1.226 0.226 1.262
179 1.166 0.431 0.744
53 1.180 0.225 1.255
179 1.195 0.378 0.719
53 1.175 0.083 1.309
179 1.218 0.306 0.744
53 1.239 -0.098 1.311
179 1.217 0.177 0.763
53 1.258 -0.179 1.261
179 1.236 -0.034 0.725
53 1.301 -0.260 1.195
179 1.260 -0.196 0.680
53 1.342 -0.268 1.193
179 1.277 -0.339 0.663
53 1.387 -0.183 1.274
179 1.288 -0.456 0.715
53 1.375 -0.139 1.205
179 1.329 -0.400 0.688
53 1.333 -0.033 1.199
179 1.358 -0.277 0.675
53 1.300 0.033 1.233
179 1.366 -0.115 0.698
53 1.250 0.098 1.292
179 1.372 0.050 0.735
53 1.252 0.197 1.319
179 1.353 0.192 0.768
53 1.264 0.225 1.251
179 1.318 0.318 0.728
53 1.263 0.245 1.240
179 1.280 0.407 0.706
53 1.251 0.188 1.211
179 1.233 0.415 0.689
53 1.229 0.146 1.204
179 1.187 0.321 0.682
53 1.213 0.084 1.246
179 1.146 0.215 0.705
53 1.206 0.033 1.243
179 1.116 0.107 0.715
53 1.204 0.013 1.180
179 1.100 -0.001 0.685
53 1.182 0.003 1.239
179 1.091 -0.100 0.703
53 1.190 -0.045 1.245
179 1.094 -0.168 0.722
53 1.212 -0.055 1.250
179 1.100 -0.222 0.723
53 1.267 -0.020 1.255
179 1.122 -0.268 0.731
53 1.307 0.023 1.214
179 1.188 -0.236 0.703
53 1.321 0.096 1.230
179 1.270 -0.166 0.708
53 1.336 0.136 1.241
179 1.339 -0.077 0.720
53 1.332 0.130 1.302
179 1.391 0.013 0.749
53 1.338 0.104 1.252
179 1.431 0.098 0.736
53 1.341 0.134 1.240
179 1.454 0.169 0.712
53 1.335 0.151 1.177
179 1.464 0.223 0.682
53 1.321 0.134 1.100
179 1.457 0.273 0.618
53 1.313 0.088 1.144
179 1.421 0.299 0.633
53 1.301 0.044 1.222
179 1.362 0.279 0.685
53 1.311 0.053 1.275
179 1.296 0.208 0.729
53 1.318 0.059 1.252
179 1.242 0.132 0.720
53 1.309 0.073 1.233
179 1.207 0.061 0.706
53 1.290 0.098 1.227
179 1.185 -0.005 0.702
53 1.253 0.113 1.221
179 1.166 -0.065 0.702
53 1.223 0.058 1.260
179 1.153 -0.104 0.725
53 1.212 0.034 1.232
179 1.134 -0.140 0.722
53 1.201 0.067 1.184
179 1.118 -0.183 0.689
53 1.174 0.071 1.196
179 1.125 -0.166 0.690
53 1.151 0.063 1.272
179 1.128 -0.136 0.734
53 1.144 0.039 1.253
179 1.130 -0.108 0.738
53 1.154 0.008 1.201
179 1.128 -0.087 0.706
53 1.157 0.091 1.214
179 1.126 -0.079 0.706
53 1.152 0.216 1.232
179 1.135 -0.049 0.719
53 1.135 0.245 1.167
179 1.158 0.063 0.684
53 1.131 0.239 1.115
179 1.177 0.143 0.641
53 1.180 0.190 1.122
179 1.189 0.201 0.642
53 1.209 0.058 1.116
179 1.195 0.253 0.638
53 1.217 -0.008 1.132
179 1.205 0.239 0.645
53 1.236 -0.000 1.161
179 1.215 0.183 0.665
53 1.231 0.060 1.217
179 1.229 0.128 0.694
53 1.221 0.153 1.262
179 1.244 0.079 0.730
53 1.207 0.187 1.251
179 1.256 0.049 0.727
53 1.216 0.151 1.263
179 1.260 0.049 0.734
53 1.209 0.108 1.278
179 1.266 0.046 0.744
53 1.209 0.094 1.243
179 1.271 0.022 0.729
53 1.210 0.070 1.184
179 1.269 -0.003 0.689
53 1.211 -0.001 1.198
179 1.266 -0.016 0.687
53 1.201 -0.056 1.255
179 1.263 -0.028 0.723
53 1.227 -0.071 1.241
179 1.259 -0.050 0.729
53 1.268 -0.044 1.224
179 1.251 -0.082 0.714
53 1.301 -0.060 1.216
179 1.248 -0.108 0.706
53 1.319 -0.067 1.264
179 1.255 -0.125 0.728
53 1.357 -0.108 1.240
179 1.266 -0.128 0.722
53 1.353 -0.160 1.242
179 1.279 -0.144 0.711
53 1.365 -0.205 1.204
179 1.296 -0.159 0.694
53 1.360 -0.170 1.195
179 1.306 -0.180 0.680
53 1.340 -0.140 1.213
179 1.316 -0.204 0.689
53 1.349 -0.176 1.186
179 1.319 -0.209 0.681
53 1.368 -0.133 1.151
179 1.319 -0.228 0.659
53 1.310 0.012 1.153
179 1.326 -0.242 0.655
53 1.283 0.019 1.170
179 1.329 -0.138 0.669
53 1.253 0.010 1.186
179 1.325 -0.043 0.681
53 1.237 0.000 1.134
179 1.321 0.024 0.655
53 1.231 0.016 1.098
179 1.315 0.082 0.636
53 1.223 0.037 1.113
179 1.313 0.139 0.643
53 1.212 0.014 1.074
179 1.311 0.190 0.630
53 1.233 -0.002 1.104
179 1.306 0.206 0.642
53 1.287 -0.042 1.126
179 1.295 0.195 0.665
53 1.331 -0.076 1.212
179 1.292 0.154 0.699
53 1.342 -0.161 1.300
179 1.304 0.094 0.753
53 1.343 -0.185 1.279
179 1.325 -0.005 0.749
53 1.332 -0.107 1.283
179 1.332 -0.107 0.745
53 1.327 -0.051 1.255
179 1.326 -0.188 0.732
53 1.314 -0.007 1.215
179 1.320 -0.240 0.711
53 1.321 -0.070 1.161
179 1.307 -0.236 0.680
53 1.279 -0.161 1.146
179 1.294 -0.213 0.654
53 1.231 -0.213 1.180
179 1.282 -0.196 0.664
53 1.237 -0.171 1.232
179 1.254 -0.194 0.702
53 1.222 -0.142 1.225
179 1.223 -0.196 0.703
53 1.201 -0.068 1.185
179 1.198 -0.195 0.684
53 1.180 -0.044 1.176
179 1.174 -0.189 0.673
53 1.187 -0.012 1.187
179 1.148 -0.178 0.689
53 1.197 -0.012 1.203
179 1.122 -0.167 0.694
53 1.220 -0.008 1.171
179 1.104 -0.148 0.686
53 1.198 0.075 1.144
179 1.100 -0.143 0.661
53 1.187 0.107 1.191
179 1.112 -0.097 0.687
53 1.204 0.072 1.198
179 1.119 -0.041 0.703
53 1.204 0.024 1.195
179 1.119 0.002 0.698
53 1.211 -0.048 1.182
179 1.118 0.040 0.691
53 1.216 -0.090 1.214
179 1.125 0.061 0.702
53 1.232 -0.114 1.229
179 1.141 0.052 0.721
53 1.225 -0.156 1.196
179 1.161 0.039 0.700
53 1.205 -0.155 1.158
179 1.182 0.018 0.678
53 1.166 -0.171 1.114
179 1.199 0.003 0.648
53 1.157 -0.191 1.116
179 1.208 0.005 0.649
53 1.175 -0.189 1.101
179 1.200 -0.003 0.647
53 1.132 -0.050 1.176
179 1.198 -0.019 0.679
53 1.144 0.009 1.141
179 1.195 -0.015 0.676
53 1.134 -0.010 1.117
179 1.194 0.010 0.649
53 1.136 0.006 1.206
179 1.195 0.029 0.698
53 1.173 -0.049 1.226
179 1.189 0.048 0.729
53 1.173 -0.097 1.246
179 1.193 0.070 0.730
53 1.154 -0.090 1.217
179 1.201 0.050 0.718
53 1.116 -0.009 1.258
179 1.208 0.011 0.729
53 1.123 0.025 1.268
179 1.208 -0.009 0.746
53 1.151 -0.033 1.236
179 1.195 -0.002 0.730
53 1.125 -0.075 1.223
179 1.193 -0.005 0.716
53 1.101 0.041 1.257
179 1.195 -0.030 0.733
53 1.122 0.102 1.206
179 1.185 -0.050 0.719
53 1.117 0.105 1.139
179 1.171 -0.043 0.673
53 1.070 0.086 1.180
179 1.163 -0.032 0.683
53 1.057 0.009 1.166
179 1.152 -0.018 0.691
53 1.046 -0.094 1.166
179 1.141 -0.013 0.678
53 1.031 -0.141 1.179
179 1.134 -0.029 0.687
53 1.043 -0.086 1.222
179 1.112 -0.070 0.714
53 1.057 0.028 1.281
179 1.093 -0.118 0.750
53 1.057 0.087 1.242
179 1.088 -0.121 0.738
53 1.036 0.093 1.252
179 1.087 -0.071 0.729
53 1.097 0.107 1.256
179 1.078 -0.028 0.742
53 1.104 0.028 1.249
179 1.076 0.016 0.726
53 1.088 -0.051 1.262
179 1.092 0.059 0.731
53 1.107 -0.056 1.263
179 1.102 0.076 0.737
53 1.160 0.008 1.253
179 1.103 0.067 0.736
53 1.170 0.040 1.204
179 1.112 0.060 0.702
53 1.152 -0.014 1.187
179 1.130 0.075 0.683
53 1.135 -0.029 1.163
179 1.144 0.095 0.672
53 1.107 0.018 1.177
179 1.153 0.094 0.672
53 1.114 0.017 1.152
179 1.161 0.104 0.669
53 1.107 0.086 1.142
179 1.162 0.107 0.654
53 1.095 0.089 1.161
179 1.170 0.121 0.661
53 1.123 0.121 1.201
179 1.170 0.132 0.695
53 1.110 0.085 1.212
179 1.176 0.150 0.697
53 1.100 0.030 1.244
179 1.185 0.176 0.715
53 1.157 0.014 1.197
179 1.176 0.161 0.702
53 1.153 -0.023 1.185
179 1.175 0.144 0.678
53 1.134 -0.048 1.239
179 1.184 0.117 0.705
53 1.149 -0.042 1.256
179 1.186 0.077 0.725
53 1.166 -0.047 1.260
179 1.184 0.040 0.729
53 1.172 -0.060 1.251
179 1.186 0.016 0.723
53 1.206 -0.056 1.246
179 1.187 -0.013 0.721
53 1.227 0.020 1.225
179 1.188 -0.052 0.711
53 1.241 0.056 1.174
179 1.200 -0.076 0.673
53 1.222 0.126 1.220
179 1.212 -0.093 0.690
53 1.163 0.136 1.277
179 1.234 -0.054 0.728
53 1.152 0.098 1.311
179 1.223 0.001 0.761
53 1.132 0.037 1.300
179 1.207 0.036 0.760
53 1.129 -0.047 1.241
179 1.193 0.065 0.733
53 1.137 -0.059 1.167
179 1.176 0.086 0.686
53 1.162 -0.000 1.108
179 1.155 0.089 0.650
53 1.159 0.087 1.160
179 1.142 0.106 0.661
53 1.166 0.158 1.208
179 1.137 0.129 0.698
53 1.194 0.187 1.164
179 1.129 0.159 0.679
53 1.202 0.162 1.171
179 1.123 0.185 0.670
53 1.271 0.100 1.154
179 1.116 0.216 0.669
53 1.274 0.102 1.179
179 1.146 0.199 0.663
53 1.285 0.081 1.211
179 1.192 0.180 0.689
53 1.320 0.078 1.169
179 1.225 0.161 0.672
53 1.324 0.075 1.173
179 1.257 0.148 0.658
53 1.323 0.024 1.174
179 1.290 0.143 0.668
53 1.329 0.006 1.172
179 1.314 0.139 0.661
53 1.352 0.053 1.218
179 1.336 0.123 0.689
53 1.315 0.169 1.242
179 1.361 0.100 0.705
53 1.298 0.230 1.241
179 1.368 0.102 0.712
53 1.304 0.234 1.218
179 1.355 0.138 0.703
53 1.296 0.287 1.175
179 1.348 0.167 0.681
53 1.271 0.245 1.113
179 1.348 0.195 0.643
53 1.262 0.087 1.131
179 1.352 0.231 0.643
53 1.287 0.002 1.187
179 1.335 0.204 0.687
53 1.325 -0.010 1.155
179 1.306 0.129 0.677
53 1.340 0.046 1.177
179 1.281 0.060 0.668
53 1.346 0.139 1.224
179 1.261 -0.006 0.703
53 1.298 0.223 1.247
179 1.258 -0.016 0.714
53 1.267 0.211 1.242
179 1.262 0.053 0.724
53 1.249 0.128 1.201
179 1.242 0.109 0.706
53 1.231 -0.004 1.169
179 1.222 0.141 0.683
53 1.237 -0.056 1.207
179 1.206 0.123 0.700
53 1.233 -0.000 1.246
179 1.193 0.063 0.730
53 1.242 0.059 1.230
179 1.187 0.021 0.723
53 1.270 0.095 1.183
179 1.184 0.006 0.694
53 1.272 0.113 1.192
179 1.187 -0.004 0.686
53 1.276 0.109 1.199
179 1.198 -0.004 0.694
53 1.300 0.038 1.182
179 1.207 0.007 0.684
53 1.302 0.003 1.223
179 1.212 0.009 0.699
53 1.295 -0.079 1.214
179 1.220 0.012 0.705
53 1.301 -0.106 1.218
179 1.222 0.005 0.699
53 1.312 -0.053 1.194
179 1.228 -0.023 0.696
53 1.331 -0.030 1.165
179 1.228 -0.046 0.674
53 1.362 -0.029 1.149
179 1.227 -0.057 0.661
53 1.395 0.023 1.118
179 1.231 -0.072 0.643
53 1.353 0.030 1.167
179 1.254 -0.079 0.657
53 1.311 0.000 1.233
179 1.270 -0.062 0.704
53 1.298 0.020 1.225
179 1.267 -0.055 0.710
53 1.302 0.003 1.249
179 1.258 -0.049 0.719
53 1.333 -0.036 1.206
179 1.251 -0.033 0.711
53 1.330 -0.051 1.135
179 1.246 -0.024 0.659
53 1.317 -0.050 1.162
179 1.249 -0.017 0.663
53 1.329 -0.033 1.174
179 1.250 -0.008 0.676
53 1.334 -0.009 1.149
179 1.251 -0.001 0.662
53 1.303 -0.064 1.170
179 1.254 0.018 0.666
53 1.308 -0.090 1.221
179 1.245 0.018 0.702
53 1.334 -0.044 1.247
179 1.232 -0.017 0.721
53 1.338 0.007 1.255
179 1.228 -0.049 0.725
53 1.327 0.059 1.229
179 1.235 -0.064 0.712
53 1.293 0.118 1.248
179 1.246 -0.066 0.717
53 1.290 0.146 1.205
179 1.255 -0.034 0.709
53 1.310 0.125 1.112
179 1.254 0.008 0.656
53 1.315 0.116 1.110
179 1.251 0.037 0.641
53 1.284 -0.005 1.202
179 1.250 0.062 0.685
53 1.271 -0.163 1.271
179 1.244 0.049 0.738
53 1.259 -0.176 1.282
179 1.240 -0.057 0.751
53 1.282 -0.189 1.312
179 1.229 -0.151 0.773
53 1.282 -0.209 1.307
179 1.222 -0.193 0.770
53 1.284 -0.211 1.263
179 1.228 -0.224 0.744
53 1.265 -0.212 1.261
179 1.234 -0.253 0.723
53 1.296 -0.220 1.272
179 1.237 -0.258 0.739
53 1.299 -0.139 1.168
179 1.234 -0.245 0.679
53 1.164 0.037 1.084
179 1.254 -0.214 0.623
53 1.126 0.108 1.110
179 1.226 -0.065 0.641
53 1.145 0.078 1.181
179 1.176 0.074 0.686
53 1.176 -0.081 1.228
179 1.146 0.163 0.717
53 1.204 -0.149 1.266
179 1.147 0.124 0.734
53 1.225 -0.188 1.249
179 1.156 0.051 0.736
53 1.207 -0.139 1.206
179 1.177 -0.021 0.699
53 1.205 -0.052 1.239
179 1.194 -0.107 0.718
53 1.179 -0.090 1.270
179 1.211 -0.164 0.736
53 1.178 -0.137 1.241
179 1.223 -0.204 0.731
53 1.170 -0.179 1.191
179 1.227 -0.241 0.689
53 1.183 -0.226 1.169
179 1.227 -0.259 0.676
53 1.174 -0.259 1.140
179 1.230 -0.270 0.651
